133 950
223 933
323 900
427 884
522 900
631 931
742 967
848 971
926 933
954 860
955 787
952 702
927 634
863 634
839 689
853 766
833 828
766 787
720 730
695 661
719 587
770 518
909 500
956 406
950 250
918 173
821 196
775 278
683 257
674 174
650 100
546 102
447 84
370 115
355 175
414 216
490 233
550 287
505 342
393 333
300 288
242 236
242 153
228 83
140 87
89 156
100 241
144 327
209 420
160 495
165 570
228 617
198 578
385 513
510 476
625 471
636 541
578 633
552 766
452 764
330 754
194 787
163 701
86 690
70 795
77 887